0 8400000 2580000 6960000 5790000 13140000 13710000 6090000 0 8400000 2580000 6960000 5790000 13140000 13710000 6090000
3840000 0 3450000 7110000 5850000 13080000 12780000 6570000 3840000 0 3450000 7110000 5850000 13080000 12780000 6570000
3930000 8220000 0 6720000 6180000 12870000 13500000 6030000 3930000 8220000 0 6720000 6180000 12870000 13500000 6030000
3660000 7620000 3270000 0 5640000 14370000 13440000 6120000 3660000 7620000 3270000 0 5640000 14370000 13440000 6120000
3540000 8490000 3090000 7050000 0 12930000 13410000 5850000 3540000 8490000 3090000 7050000 0 12930000 13410000 5850000
4050000 7890000 2730000 6210000 6360000 0 12750000 5760000 4050000 7890000 2730000 6210000 6360000 0 12750000 5760000
3690000 8010000 3060000 6450000 6420000 12270000 0 6660000 3690000 8010000 3060000 6450000 6420000 12270000 0 6660000
3840000 7470000 2850000 5970000 6480000 13740000 13980000 03840000 7470000 2850000 5970000 6480000 13740000 13980000 0
0 8400000 2580000 6960000 5790000 13140000 13710000 6090000 0 8400000 2580000 6960000 5790000 13140000 13710000 6090000
3840000 0 3450000 7110000 5850000 13080000 12780000 6570000 3840000 0 3450000 7110000 5850000 13080000 12780000 6570000
3930000 8220000 0 6720000 6180000 12870000 13500000 6030000 3930000 8220000 0 6720000 6180000 12870000 13500000 6030000
3660000 7620000 3270000 0 5640000 14370000 13440000 6120000 3660000 7620000 3270000 0 5640000 14370000 13440000 6120000
3540000 8490000 3090000 7050000 0 12930000 13410000 5850000 3540000 8490000 3090000 7050000 0 12930000 13410000 5850000
4050000 7890000 2730000 6210000 6360000 0 12750000 5760000 4050000 7890000 2730000 6210000 6360000 0 12750000 5760000
3690000 8010000 3060000 6450000 6420000 12270000 0 6660000 3690000 8010000 3060000 6450000 6420000 12270000 0 6660000
3840000 7470000 2850000 5970000 6480000 13740000 13980000 03840000 7470000 2850000 5970000 6480000 13740000 13980000 0
